39	49	144	88	46.33058	14.81223	485912	131848	ljubno
39	3F	168	21	46.15109	14.81555	486090	111885	peče
6A	4F	183	100	46.43492	16.12150	586551	144042	šardinje
34	36	138	107	45.978760	14.68064	475625	92779	velika stara vas
28	36	41	113	45.977059	14.353275	450258	92743	bevke
29	36	221	189	45.971798	14.398146	453731	92131	ljubljanica most
32	32	200	175	45.899935	14.634307	471995	84034	lipanje
61	4E	126	126	46.416763	15.875661	567683	141785	ptuj
0A	1D	212	72	45.512529	13.589954	390202	41881	portoroz
15	52	25	197	46.482785	13.838859	411219	149402	gozd martuljek
1D	4F	12	148	46.432997	14.051678	427528	143662	jesenice
1D	4C	109	187	46.374832	14.062881	428277	137176	gorje
45	2C	85	116	45.794215	15.124258	510031	72228	češča vas
45	45	87	167	46.251111	15.125098	510016	123007	šempeter
75	52	194	214	46.478718	16.416991	609171	149275	zabenec
44	4B	170	124	46.364910	15.107304	508605	135638	velenje


7.99951616017589
-0.000468522222824674
0.000125076645565492
7.9990993363952
368027.360014144
-18990.98031802

X(gk)=8*X(img)+368027
Y(gk)=8*Y(img)-18991

612931
167617

ENACBA!!!!!!
X(gk)=8*X(img)+368002
Y(gk)=8*Y(img)-19008